(envs_node31) [zchen72@node31 noiseFL]$ python prepare_dataset_kvasir_new10class.py 
Normal clean mucosa: 3000
Ileocecal valve: 3000
Reduced mucosal view: 2906
Pylorus: 1529
Ulcer: 854
Angiectasia: 866
Foreign body: 776
Lymphangiectasia: 592
Erosion: 506
Blood - fresh: 446
After name changing:
Normal clean mucosa: 3000
Ileocecal valve: 3000
Reduced mucosal view: 2906
Pylorus: 1529
Ulcer: 854
Angiectasia: 866
Foreign body: 776
Lymphangiectasia: 592
Erosion: 506
Blood - fresh: 446
---------
before valid
class_sidx_begin:	 [0, 0, 0, 0, 0, 0, 0, 0, 0, 0]
class_sidx_end:	 [300, 300, 290, 153, 85, 87, 78, 59, 51, 45]
valid csv len: 1448
---
after valid
class_sidx_begin:	 [300, 300, 290, 153, 85, 87, 78, 59, 51, 45]
class_sidx_end:	 [900, 900, 871, 459, 256, 260, 233, 177, 152, 134]
---------
before test
class_sidx_begin:	 [300, 300, 290, 153, 85, 87, 78, 59, 51, 45]
class_sidx_end:	 [900, 900, 871, 459, 256, 260, 233, 177, 152, 134]
test csv len: 2894
---
after test
class_sidx_begin:	 [900, 900, 871, 459, 256, 260, 233, 177, 152, 134]
class_sidx_end:	 [1425, 1425, 1380, 727, 406, 412, 369, 281, 241, 212]
---------
before train client A
class_sidx_begin:	 [900, 900, 871, 459, 256, 260, 233, 177, 152, 134]
class_sidx_end:	 [1425, 1425, 1380, 727, 406, 412, 369, 281, 241, 212]
train A csv len: 2536
---
after train client A
class_sidx_begin:	 [1425, 1425, 1380, 727, 406, 412, 369, 281, 241, 212]
class_sidx_end:	 [1950, 1950, 1889, 995, 556, 564, 505, 385, 330, 290]
---------
before train client B
class_sidx_begin:	 [1425, 1425, 1380, 727, 406, 412, 369, 281, 241, 212]
class_sidx_end:	 [1950, 1950, 1889, 995, 556, 564, 505, 385, 330, 290]
train B csv len: 2536
---
after train client B
class_sidx_begin:	 [1950, 1950, 1889, 995, 556, 564, 505, 385, 330, 290]
class_sidx_end:	 [2475, 2475, 2398, 1262, 705, 715, 641, 489, 418, 368]
---------
before train client C
class_sidx_begin:	 [1950, 1950, 1889, 995, 556, 564, 505, 385, 330, 290]
class_sidx_end:	 [2475, 2475, 2398, 1262, 705, 715, 641, 489, 418, 368]
train C csv len: 2532
---
after train client C
class_sidx_begin:	 [2475, 2475, 2398, 1262, 705, 715, 641, 489, 418, 368]
class_sidx_end:	 [3000, 3000, 2906, 1529, 854, 866, 776, 592, 506, 446]
---------
before train client D
class_sidx_begin:	 [2475, 2475, 2398, 1262, 705, 715, 641, 489, 418, 368]
class_sidx_end:	 [3000, 3000, 2906, 1529, 854, 866, 776, 592, 506, 446]
train D csv len: 2529
(envs_node31) [zchen72@node31 noiseFL]$ python prepare_dataset_add_noise.py 
---------------
---------
---
symmetric-0.1-train-4clients-A-shuffle
P matrix:
 [[0.9        0.01111111 0.01111111 0.01111111 0.01111111 0.01111111
  0.01111111 0.01111111 0.01111111 0.01111111]
 [0.01111111 0.9        0.01111111 0.01111111 0.01111111 0.01111111
  0.01111111 0.01111111 0.01111111 0.01111111]
 [0.01111111 0.01111111 0.9        0.01111111 0.01111111 0.01111111
  0.01111111 0.01111111 0.01111111 0.01111111]
 [0.01111111 0.01111111 0.01111111 0.9        0.01111111 0.01111111
  0.01111111 0.01111111 0.01111111 0.01111111]
 [0.01111111 0.01111111 0.01111111 0.01111111 0.9        0.01111111
  0.01111111 0.01111111 0.01111111 0.01111111]
 [0.01111111 0.01111111 0.01111111 0.01111111 0.01111111 0.9
  0.01111111 0.01111111 0.01111111 0.01111111]
 [0.01111111 0.01111111 0.01111111 0.01111111 0.01111111 0.01111111
  0.9        0.01111111 0.01111111 0.01111111]
 [0.01111111 0.01111111 0.01111111 0.01111111 0.01111111 0.01111111
  0.01111111 0.9        0.01111111 0.01111111]
 [0.01111111 0.01111111 0.01111111 0.01111111 0.01111111 0.01111111
  0.01111111 0.01111111 0.9        0.01111111]
 [0.01111111 0.01111111 0.01111111 0.01111111 0.01111111 0.01111111
  0.01111111 0.01111111 0.01111111 0.9       ]]
Actual noise 0.09
actual_noise_rate:	 0.09345425867507887
---
symmetric-0.1-train-4clients-B-shuffle
P matrix:
 [[0.9        0.01111111 0.01111111 0.01111111 0.01111111 0.01111111
  0.01111111 0.01111111 0.01111111 0.01111111]
 [0.01111111 0.9        0.01111111 0.01111111 0.01111111 0.01111111
  0.01111111 0.01111111 0.01111111 0.01111111]
 [0.01111111 0.01111111 0.9        0.01111111 0.01111111 0.01111111
  0.01111111 0.01111111 0.01111111 0.01111111]
 [0.01111111 0.01111111 0.01111111 0.9        0.01111111 0.01111111
  0.01111111 0.01111111 0.01111111 0.01111111]
 [0.01111111 0.01111111 0.01111111 0.01111111 0.9        0.01111111
  0.01111111 0.01111111 0.01111111 0.01111111]
 [0.01111111 0.01111111 0.01111111 0.01111111 0.01111111 0.9
  0.01111111 0.01111111 0.01111111 0.01111111]
 [0.01111111 0.01111111 0.01111111 0.01111111 0.01111111 0.01111111
  0.9        0.01111111 0.01111111 0.01111111]
 [0.01111111 0.01111111 0.01111111 0.01111111 0.01111111 0.01111111
  0.01111111 0.9        0.01111111 0.01111111]
 [0.01111111 0.01111111 0.01111111 0.01111111 0.01111111 0.01111111
  0.01111111 0.01111111 0.9        0.01111111]
 [0.01111111 0.01111111 0.01111111 0.01111111 0.01111111 0.01111111
  0.01111111 0.01111111 0.01111111 0.9       ]]
Actual noise 0.09
actual_noise_rate:	 0.08793375394321766
---
symmetric-0.1-train-4clients-C-shuffle
P matrix:
 [[0.9        0.01111111 0.01111111 0.01111111 0.01111111 0.01111111
  0.01111111 0.01111111 0.01111111 0.01111111]
 [0.01111111 0.9        0.01111111 0.01111111 0.01111111 0.01111111
  0.01111111 0.01111111 0.01111111 0.01111111]
 [0.01111111 0.01111111 0.9        0.01111111 0.01111111 0.01111111
  0.01111111 0.01111111 0.01111111 0.01111111]
 [0.01111111 0.01111111 0.01111111 0.9        0.01111111 0.01111111
  0.01111111 0.01111111 0.01111111 0.01111111]
 [0.01111111 0.01111111 0.01111111 0.01111111 0.9        0.01111111
  0.01111111 0.01111111 0.01111111 0.01111111]
 [0.01111111 0.01111111 0.01111111 0.01111111 0.01111111 0.9
  0.01111111 0.01111111 0.01111111 0.01111111]
 [0.01111111 0.01111111 0.01111111 0.01111111 0.01111111 0.01111111
  0.9        0.01111111 0.01111111 0.01111111]
 [0.01111111 0.01111111 0.01111111 0.01111111 0.01111111 0.01111111
  0.01111111 0.9        0.01111111 0.01111111]
 [0.01111111 0.01111111 0.01111111 0.01111111 0.01111111 0.01111111
  0.01111111 0.01111111 0.9        0.01111111]
 [0.01111111 0.01111111 0.01111111 0.01111111 0.01111111 0.01111111
  0.01111111 0.01111111 0.01111111 0.9       ]]
Actual noise 0.10
actual_noise_rate:	 0.09636650868878358
---
symmetric-0.1-train-4clients-D-shuffle
P matrix:
 [[0.9        0.01111111 0.01111111 0.01111111 0.01111111 0.01111111
  0.01111111 0.01111111 0.01111111 0.01111111]
 [0.01111111 0.9        0.01111111 0.01111111 0.01111111 0.01111111
  0.01111111 0.01111111 0.01111111 0.01111111]
 [0.01111111 0.01111111 0.9        0.01111111 0.01111111 0.01111111
  0.01111111 0.01111111 0.01111111 0.01111111]
 [0.01111111 0.01111111 0.01111111 0.9        0.01111111 0.01111111
  0.01111111 0.01111111 0.01111111 0.01111111]
 [0.01111111 0.01111111 0.01111111 0.01111111 0.9        0.01111111
  0.01111111 0.01111111 0.01111111 0.01111111]
 [0.01111111 0.01111111 0.01111111 0.01111111 0.01111111 0.9
  0.01111111 0.01111111 0.01111111 0.01111111]
 [0.01111111 0.01111111 0.01111111 0.01111111 0.01111111 0.01111111
  0.9        0.01111111 0.01111111 0.01111111]
 [0.01111111 0.01111111 0.01111111 0.01111111 0.01111111 0.01111111
  0.01111111 0.9        0.01111111 0.01111111]
 [0.01111111 0.01111111 0.01111111 0.01111111 0.01111111 0.01111111
  0.01111111 0.01111111 0.9        0.01111111]
 [0.01111111 0.01111111 0.01111111 0.01111111 0.01111111 0.01111111
  0.01111111 0.01111111 0.01111111 0.9       ]]
Actual noise 0.09
actual_noise_rate:	 0.08936338473705022
---------
---
symmetric-0.2-train-4clients-A-shuffle
P matrix:
 [[0.8        0.02222222 0.02222222 0.02222222 0.02222222 0.02222222
  0.02222222 0.02222222 0.02222222 0.02222222]
 [0.02222222 0.8        0.02222222 0.02222222 0.02222222 0.02222222
  0.02222222 0.02222222 0.02222222 0.02222222]
 [0.02222222 0.02222222 0.8        0.02222222 0.02222222 0.02222222
  0.02222222 0.02222222 0.02222222 0.02222222]
 [0.02222222 0.02222222 0.02222222 0.8        0.02222222 0.02222222
  0.02222222 0.02222222 0.02222222 0.02222222]
 [0.02222222 0.02222222 0.02222222 0.02222222 0.8        0.02222222
  0.02222222 0.02222222 0.02222222 0.02222222]
 [0.02222222 0.02222222 0.02222222 0.02222222 0.02222222 0.8
  0.02222222 0.02222222 0.02222222 0.02222222]
 [0.02222222 0.02222222 0.02222222 0.02222222 0.02222222 0.02222222
  0.8        0.02222222 0.02222222 0.02222222]
 [0.02222222 0.02222222 0.02222222 0.02222222 0.02222222 0.02222222
  0.02222222 0.8        0.02222222 0.02222222]
 [0.02222222 0.02222222 0.02222222 0.02222222 0.02222222 0.02222222
  0.02222222 0.02222222 0.8        0.02222222]
 [0.02222222 0.02222222 0.02222222 0.02222222 0.02222222 0.02222222
  0.02222222 0.02222222 0.02222222 0.8       ]]
Actual noise 0.19
actual_noise_rate:	 0.18966876971608831
---
symmetric-0.2-train-4clients-B-shuffle
P matrix:
 [[0.8        0.02222222 0.02222222 0.02222222 0.02222222 0.02222222
  0.02222222 0.02222222 0.02222222 0.02222222]
 [0.02222222 0.8        0.02222222 0.02222222 0.02222222 0.02222222
  0.02222222 0.02222222 0.02222222 0.02222222]
 [0.02222222 0.02222222 0.8        0.02222222 0.02222222 0.02222222
  0.02222222 0.02222222 0.02222222 0.02222222]
 [0.02222222 0.02222222 0.02222222 0.8        0.02222222 0.02222222
  0.02222222 0.02222222 0.02222222 0.02222222]
 [0.02222222 0.02222222 0.02222222 0.02222222 0.8        0.02222222
  0.02222222 0.02222222 0.02222222 0.02222222]
 [0.02222222 0.02222222 0.02222222 0.02222222 0.02222222 0.8
  0.02222222 0.02222222 0.02222222 0.02222222]
 [0.02222222 0.02222222 0.02222222 0.02222222 0.02222222 0.02222222
  0.8        0.02222222 0.02222222 0.02222222]
 [0.02222222 0.02222222 0.02222222 0.02222222 0.02222222 0.02222222
  0.02222222 0.8        0.02222222 0.02222222]
 [0.02222222 0.02222222 0.02222222 0.02222222 0.02222222 0.02222222
  0.02222222 0.02222222 0.8        0.02222222]
 [0.02222222 0.02222222 0.02222222 0.02222222 0.02222222 0.02222222
  0.02222222 0.02222222 0.02222222 0.8       ]]
Actual noise 0.18
actual_noise_rate:	 0.18178233438485805
---
symmetric-0.2-train-4clients-C-shuffle
P matrix:
 [[0.8        0.02222222 0.02222222 0.02222222 0.02222222 0.02222222
  0.02222222 0.02222222 0.02222222 0.02222222]
 [0.02222222 0.8        0.02222222 0.02222222 0.02222222 0.02222222
  0.02222222 0.02222222 0.02222222 0.02222222]
 [0.02222222 0.02222222 0.8        0.02222222 0.02222222 0.02222222
  0.02222222 0.02222222 0.02222222 0.02222222]
 [0.02222222 0.02222222 0.02222222 0.8        0.02222222 0.02222222
  0.02222222 0.02222222 0.02222222 0.02222222]
 [0.02222222 0.02222222 0.02222222 0.02222222 0.8        0.02222222
  0.02222222 0.02222222 0.02222222 0.02222222]
 [0.02222222 0.02222222 0.02222222 0.02222222 0.02222222 0.8
  0.02222222 0.02222222 0.02222222 0.02222222]
 [0.02222222 0.02222222 0.02222222 0.02222222 0.02222222 0.02222222
  0.8        0.02222222 0.02222222 0.02222222]
 [0.02222222 0.02222222 0.02222222 0.02222222 0.02222222 0.02222222
  0.02222222 0.8        0.02222222 0.02222222]
 [0.02222222 0.02222222 0.02222222 0.02222222 0.02222222 0.02222222
  0.02222222 0.02222222 0.8        0.02222222]
 [0.02222222 0.02222222 0.02222222 0.02222222 0.02222222 0.02222222
  0.02222222 0.02222222 0.02222222 0.8       ]]
Actual noise 0.19
actual_noise_rate:	 0.18759873617693523
---
symmetric-0.2-train-4clients-D-shuffle
P matrix:
 [[0.8        0.02222222 0.02222222 0.02222222 0.02222222 0.02222222
  0.02222222 0.02222222 0.02222222 0.02222222]
 [0.02222222 0.8        0.02222222 0.02222222 0.02222222 0.02222222
  0.02222222 0.02222222 0.02222222 0.02222222]
 [0.02222222 0.02222222 0.8        0.02222222 0.02222222 0.02222222
  0.02222222 0.02222222 0.02222222 0.02222222]
 [0.02222222 0.02222222 0.02222222 0.8        0.02222222 0.02222222
  0.02222222 0.02222222 0.02222222 0.02222222]
 [0.02222222 0.02222222 0.02222222 0.02222222 0.8        0.02222222
  0.02222222 0.02222222 0.02222222 0.02222222]
 [0.02222222 0.02222222 0.02222222 0.02222222 0.02222222 0.8
  0.02222222 0.02222222 0.02222222 0.02222222]
 [0.02222222 0.02222222 0.02222222 0.02222222 0.02222222 0.02222222
  0.8        0.02222222 0.02222222 0.02222222]
 [0.02222222 0.02222222 0.02222222 0.02222222 0.02222222 0.02222222
  0.02222222 0.8        0.02222222 0.02222222]
 [0.02222222 0.02222222 0.02222222 0.02222222 0.02222222 0.02222222
  0.02222222 0.02222222 0.8        0.02222222]
 [0.02222222 0.02222222 0.02222222 0.02222222 0.02222222 0.02222222
  0.02222222 0.02222222 0.02222222 0.8       ]]
Actual noise 0.18
actual_noise_rate:	 0.18307631474891262
---------
---
symmetric-0.3-train-4clients-A-shuffle
P matrix:
 [[0.7        0.03333333 0.03333333 0.03333333 0.03333333 0.03333333
  0.03333333 0.03333333 0.03333333 0.03333333]
 [0.03333333 0.7        0.03333333 0.03333333 0.03333333 0.03333333
  0.03333333 0.03333333 0.03333333 0.03333333]
 [0.03333333 0.03333333 0.7        0.03333333 0.03333333 0.03333333
  0.03333333 0.03333333 0.03333333 0.03333333]
 [0.03333333 0.03333333 0.03333333 0.7        0.03333333 0.03333333
  0.03333333 0.03333333 0.03333333 0.03333333]
 [0.03333333 0.03333333 0.03333333 0.03333333 0.7        0.03333333
  0.03333333 0.03333333 0.03333333 0.03333333]
 [0.03333333 0.03333333 0.03333333 0.03333333 0.03333333 0.7
  0.03333333 0.03333333 0.03333333 0.03333333]
 [0.03333333 0.03333333 0.03333333 0.03333333 0.03333333 0.03333333
  0.7        0.03333333 0.03333333 0.03333333]
 [0.03333333 0.03333333 0.03333333 0.03333333 0.03333333 0.03333333
  0.03333333 0.7        0.03333333 0.03333333]
 [0.03333333 0.03333333 0.03333333 0.03333333 0.03333333 0.03333333
  0.03333333 0.03333333 0.7        0.03333333]
 [0.03333333 0.03333333 0.03333333 0.03333333 0.03333333 0.03333333
  0.03333333 0.03333333 0.03333333 0.7       ]]
Actual noise 0.30
actual_noise_rate:	 0.30481072555205047
---
symmetric-0.3-train-4clients-B-shuffle
P matrix:
 [[0.7        0.03333333 0.03333333 0.03333333 0.03333333 0.03333333
  0.03333333 0.03333333 0.03333333 0.03333333]
 [0.03333333 0.7        0.03333333 0.03333333 0.03333333 0.03333333
  0.03333333 0.03333333 0.03333333 0.03333333]
 [0.03333333 0.03333333 0.7        0.03333333 0.03333333 0.03333333
  0.03333333 0.03333333 0.03333333 0.03333333]
 [0.03333333 0.03333333 0.03333333 0.7        0.03333333 0.03333333
  0.03333333 0.03333333 0.03333333 0.03333333]
 [0.03333333 0.03333333 0.03333333 0.03333333 0.7        0.03333333
  0.03333333 0.03333333 0.03333333 0.03333333]
 [0.03333333 0.03333333 0.03333333 0.03333333 0.03333333 0.7
  0.03333333 0.03333333 0.03333333 0.03333333]
 [0.03333333 0.03333333 0.03333333 0.03333333 0.03333333 0.03333333
  0.7        0.03333333 0.03333333 0.03333333]
 [0.03333333 0.03333333 0.03333333 0.03333333 0.03333333 0.03333333
  0.03333333 0.7        0.03333333 0.03333333]
 [0.03333333 0.03333333 0.03333333 0.03333333 0.03333333 0.03333333
  0.03333333 0.03333333 0.7        0.03333333]
 [0.03333333 0.03333333 0.03333333 0.03333333 0.03333333 0.03333333
  0.03333333 0.03333333 0.03333333 0.7       ]]
Actual noise 0.30
actual_noise_rate:	 0.2985015772870662
---
symmetric-0.3-train-4clients-C-shuffle
P matrix:
 [[0.7        0.03333333 0.03333333 0.03333333 0.03333333 0.03333333
  0.03333333 0.03333333 0.03333333 0.03333333]
 [0.03333333 0.7        0.03333333 0.03333333 0.03333333 0.03333333
  0.03333333 0.03333333 0.03333333 0.03333333]
 [0.03333333 0.03333333 0.7        0.03333333 0.03333333 0.03333333
  0.03333333 0.03333333 0.03333333 0.03333333]
 [0.03333333 0.03333333 0.03333333 0.7        0.03333333 0.03333333
  0.03333333 0.03333333 0.03333333 0.03333333]
 [0.03333333 0.03333333 0.03333333 0.03333333 0.7        0.03333333
  0.03333333 0.03333333 0.03333333 0.03333333]
 [0.03333333 0.03333333 0.03333333 0.03333333 0.03333333 0.7
  0.03333333 0.03333333 0.03333333 0.03333333]
 [0.03333333 0.03333333 0.03333333 0.03333333 0.03333333 0.03333333
  0.7        0.03333333 0.03333333 0.03333333]
 [0.03333333 0.03333333 0.03333333 0.03333333 0.03333333 0.03333333
  0.03333333 0.7        0.03333333 0.03333333]
 [0.03333333 0.03333333 0.03333333 0.03333333 0.03333333 0.03333333
  0.03333333 0.03333333 0.7        0.03333333]
 [0.03333333 0.03333333 0.03333333 0.03333333 0.03333333 0.03333333
  0.03333333 0.03333333 0.03333333 0.7       ]]
Actual noise 0.29
actual_noise_rate:	 0.2910742496050553
---
symmetric-0.3-train-4clients-D-shuffle
P matrix:
 [[0.7        0.03333333 0.03333333 0.03333333 0.03333333 0.03333333
  0.03333333 0.03333333 0.03333333 0.03333333]
 [0.03333333 0.7        0.03333333 0.03333333 0.03333333 0.03333333
  0.03333333 0.03333333 0.03333333 0.03333333]
 [0.03333333 0.03333333 0.7        0.03333333 0.03333333 0.03333333
  0.03333333 0.03333333 0.03333333 0.03333333]
 [0.03333333 0.03333333 0.03333333 0.7        0.03333333 0.03333333
  0.03333333 0.03333333 0.03333333 0.03333333]
 [0.03333333 0.03333333 0.03333333 0.03333333 0.7        0.03333333
  0.03333333 0.03333333 0.03333333 0.03333333]
 [0.03333333 0.03333333 0.03333333 0.03333333 0.03333333 0.7
  0.03333333 0.03333333 0.03333333 0.03333333]
 [0.03333333 0.03333333 0.03333333 0.03333333 0.03333333 0.03333333
  0.7        0.03333333 0.03333333 0.03333333]
 [0.03333333 0.03333333 0.03333333 0.03333333 0.03333333 0.03333333
  0.03333333 0.7        0.03333333 0.03333333]
 [0.03333333 0.03333333 0.03333333 0.03333333 0.03333333 0.03333333
  0.03333333 0.03333333 0.7        0.03333333]
 [0.03333333 0.03333333 0.03333333 0.03333333 0.03333333 0.03333333
  0.03333333 0.03333333 0.03333333 0.7       ]]
Actual noise 0.30
actual_noise_rate:	 0.3001186239620403
---------
---
symmetric-0.4-train-4clients-A-shuffle
P matrix:
 [[0.6        0.04444444 0.04444444 0.04444444 0.04444444 0.04444444
  0.04444444 0.04444444 0.04444444 0.04444444]
 [0.04444444 0.6        0.04444444 0.04444444 0.04444444 0.04444444
  0.04444444 0.04444444 0.04444444 0.04444444]
 [0.04444444 0.04444444 0.6        0.04444444 0.04444444 0.04444444
  0.04444444 0.04444444 0.04444444 0.04444444]
 [0.04444444 0.04444444 0.04444444 0.6        0.04444444 0.04444444
  0.04444444 0.04444444 0.04444444 0.04444444]
 [0.04444444 0.04444444 0.04444444 0.04444444 0.6        0.04444444
  0.04444444 0.04444444 0.04444444 0.04444444]
 [0.04444444 0.04444444 0.04444444 0.04444444 0.04444444 0.6
  0.04444444 0.04444444 0.04444444 0.04444444]
 [0.04444444 0.04444444 0.04444444 0.04444444 0.04444444 0.04444444
  0.6        0.04444444 0.04444444 0.04444444]
 [0.04444444 0.04444444 0.04444444 0.04444444 0.04444444 0.04444444
  0.04444444 0.6        0.04444444 0.04444444]
 [0.04444444 0.04444444 0.04444444 0.04444444 0.04444444 0.04444444
  0.04444444 0.04444444 0.6        0.04444444]
 [0.04444444 0.04444444 0.04444444 0.04444444 0.04444444 0.04444444
  0.04444444 0.04444444 0.04444444 0.6       ]]
Actual noise 0.40
actual_noise_rate:	 0.3951104100946372
---
symmetric-0.4-train-4clients-B-shuffle
P matrix:
 [[0.6        0.04444444 0.04444444 0.04444444 0.04444444 0.04444444
  0.04444444 0.04444444 0.04444444 0.04444444]
 [0.04444444 0.6        0.04444444 0.04444444 0.04444444 0.04444444
  0.04444444 0.04444444 0.04444444 0.04444444]
 [0.04444444 0.04444444 0.6        0.04444444 0.04444444 0.04444444
  0.04444444 0.04444444 0.04444444 0.04444444]
 [0.04444444 0.04444444 0.04444444 0.6        0.04444444 0.04444444
  0.04444444 0.04444444 0.04444444 0.04444444]
 [0.04444444 0.04444444 0.04444444 0.04444444 0.6        0.04444444
  0.04444444 0.04444444 0.04444444 0.04444444]
 [0.04444444 0.04444444 0.04444444 0.04444444 0.04444444 0.6
  0.04444444 0.04444444 0.04444444 0.04444444]
 [0.04444444 0.04444444 0.04444444 0.04444444 0.04444444 0.04444444
  0.6        0.04444444 0.04444444 0.04444444]
 [0.04444444 0.04444444 0.04444444 0.04444444 0.04444444 0.04444444
  0.04444444 0.6        0.04444444 0.04444444]
 [0.04444444 0.04444444 0.04444444 0.04444444 0.04444444 0.04444444
  0.04444444 0.04444444 0.6        0.04444444]
 [0.04444444 0.04444444 0.04444444 0.04444444 0.04444444 0.04444444
  0.04444444 0.04444444 0.04444444 0.6       ]]
Actual noise 0.39
actual_noise_rate:	 0.39037854889589907
---
symmetric-0.4-train-4clients-C-shuffle
P matrix:
 [[0.6        0.04444444 0.04444444 0.04444444 0.04444444 0.04444444
  0.04444444 0.04444444 0.04444444 0.04444444]
 [0.04444444 0.6        0.04444444 0.04444444 0.04444444 0.04444444
  0.04444444 0.04444444 0.04444444 0.04444444]
 [0.04444444 0.04444444 0.6        0.04444444 0.04444444 0.04444444
  0.04444444 0.04444444 0.04444444 0.04444444]
 [0.04444444 0.04444444 0.04444444 0.6        0.04444444 0.04444444
  0.04444444 0.04444444 0.04444444 0.04444444]
 [0.04444444 0.04444444 0.04444444 0.04444444 0.6        0.04444444
  0.04444444 0.04444444 0.04444444 0.04444444]
 [0.04444444 0.04444444 0.04444444 0.04444444 0.04444444 0.6
  0.04444444 0.04444444 0.04444444 0.04444444]
 [0.04444444 0.04444444 0.04444444 0.04444444 0.04444444 0.04444444
  0.6        0.04444444 0.04444444 0.04444444]
 [0.04444444 0.04444444 0.04444444 0.04444444 0.04444444 0.04444444
  0.04444444 0.6        0.04444444 0.04444444]
 [0.04444444 0.04444444 0.04444444 0.04444444 0.04444444 0.04444444
  0.04444444 0.04444444 0.6        0.04444444]
 [0.04444444 0.04444444 0.04444444 0.04444444 0.04444444 0.04444444
  0.04444444 0.04444444 0.04444444 0.6       ]]
Actual noise 0.38
actual_noise_rate:	 0.3815165876777251
---
symmetric-0.4-train-4clients-D-shuffle
P matrix:
 [[0.6        0.04444444 0.04444444 0.04444444 0.04444444 0.04444444
  0.04444444 0.04444444 0.04444444 0.04444444]
 [0.04444444 0.6        0.04444444 0.04444444 0.04444444 0.04444444
  0.04444444 0.04444444 0.04444444 0.04444444]
 [0.04444444 0.04444444 0.6        0.04444444 0.04444444 0.04444444
  0.04444444 0.04444444 0.04444444 0.04444444]
 [0.04444444 0.04444444 0.04444444 0.6        0.04444444 0.04444444
  0.04444444 0.04444444 0.04444444 0.04444444]
 [0.04444444 0.04444444 0.04444444 0.04444444 0.6        0.04444444
  0.04444444 0.04444444 0.04444444 0.04444444]
 [0.04444444 0.04444444 0.04444444 0.04444444 0.04444444 0.6
  0.04444444 0.04444444 0.04444444 0.04444444]
 [0.04444444 0.04444444 0.04444444 0.04444444 0.04444444 0.04444444
  0.6        0.04444444 0.04444444 0.04444444]
 [0.04444444 0.04444444 0.04444444 0.04444444 0.04444444 0.04444444
  0.04444444 0.6        0.04444444 0.04444444]
 [0.04444444 0.04444444 0.04444444 0.04444444 0.04444444 0.04444444
  0.04444444 0.04444444 0.6        0.04444444]
 [0.04444444 0.04444444 0.04444444 0.04444444 0.04444444 0.04444444
  0.04444444 0.04444444 0.04444444 0.6       ]]
Actual noise 0.38
actual_noise_rate:	 0.3819691577698695
---------
---
symmetric-0.5-train-4clients-A-shuffle
P matrix:
 [[0.5        0.05555556 0.05555556 0.05555556 0.05555556 0.05555556
  0.05555556 0.05555556 0.05555556 0.05555556]
 [0.05555556 0.5        0.05555556 0.05555556 0.05555556 0.05555556
  0.05555556 0.05555556 0.05555556 0.05555556]
 [0.05555556 0.05555556 0.5        0.05555556 0.05555556 0.05555556
  0.05555556 0.05555556 0.05555556 0.05555556]
 [0.05555556 0.05555556 0.05555556 0.5        0.05555556 0.05555556
  0.05555556 0.05555556 0.05555556 0.05555556]
 [0.05555556 0.05555556 0.05555556 0.05555556 0.5        0.05555556
  0.05555556 0.05555556 0.05555556 0.05555556]
 [0.05555556 0.05555556 0.05555556 0.05555556 0.05555556 0.5
  0.05555556 0.05555556 0.05555556 0.05555556]
 [0.05555556 0.05555556 0.05555556 0.05555556 0.05555556 0.05555556
  0.5        0.05555556 0.05555556 0.05555556]
 [0.05555556 0.05555556 0.05555556 0.05555556 0.05555556 0.05555556
  0.05555556 0.5        0.05555556 0.05555556]
 [0.05555556 0.05555556 0.05555556 0.05555556 0.05555556 0.05555556
  0.05555556 0.05555556 0.5        0.05555556]
 [0.05555556 0.05555556 0.05555556 0.05555556 0.05555556 0.05555556
  0.05555556 0.05555556 0.05555556 0.5       ]]
Actual noise 0.49
actual_noise_rate:	 0.4885646687697161
---
symmetric-0.5-train-4clients-B-shuffle
P matrix:
 [[0.5        0.05555556 0.05555556 0.05555556 0.05555556 0.05555556
  0.05555556 0.05555556 0.05555556 0.05555556]
 [0.05555556 0.5        0.05555556 0.05555556 0.05555556 0.05555556
  0.05555556 0.05555556 0.05555556 0.05555556]
 [0.05555556 0.05555556 0.5        0.05555556 0.05555556 0.05555556
  0.05555556 0.05555556 0.05555556 0.05555556]
 [0.05555556 0.05555556 0.05555556 0.5        0.05555556 0.05555556
  0.05555556 0.05555556 0.05555556 0.05555556]
 [0.05555556 0.05555556 0.05555556 0.05555556 0.5        0.05555556
  0.05555556 0.05555556 0.05555556 0.05555556]
 [0.05555556 0.05555556 0.05555556 0.05555556 0.05555556 0.5
  0.05555556 0.05555556 0.05555556 0.05555556]
 [0.05555556 0.05555556 0.05555556 0.05555556 0.05555556 0.05555556
  0.5        0.05555556 0.05555556 0.05555556]
 [0.05555556 0.05555556 0.05555556 0.05555556 0.05555556 0.05555556
  0.05555556 0.5        0.05555556 0.05555556]
 [0.05555556 0.05555556 0.05555556 0.05555556 0.05555556 0.05555556
  0.05555556 0.05555556 0.5        0.05555556]
 [0.05555556 0.05555556 0.05555556 0.05555556 0.05555556 0.05555556
  0.05555556 0.05555556 0.05555556 0.5       ]]
Actual noise 0.49
actual_noise_rate:	 0.4948738170347003
---
symmetric-0.5-train-4clients-C-shuffle
P matrix:
 [[0.5        0.05555556 0.05555556 0.05555556 0.05555556 0.05555556
  0.05555556 0.05555556 0.05555556 0.05555556]
 [0.05555556 0.5        0.05555556 0.05555556 0.05555556 0.05555556
  0.05555556 0.05555556 0.05555556 0.05555556]
 [0.05555556 0.05555556 0.5        0.05555556 0.05555556 0.05555556
  0.05555556 0.05555556 0.05555556 0.05555556]
 [0.05555556 0.05555556 0.05555556 0.5        0.05555556 0.05555556
  0.05555556 0.05555556 0.05555556 0.05555556]
 [0.05555556 0.05555556 0.05555556 0.05555556 0.5        0.05555556
  0.05555556 0.05555556 0.05555556 0.05555556]
 [0.05555556 0.05555556 0.05555556 0.05555556 0.05555556 0.5
  0.05555556 0.05555556 0.05555556 0.05555556]
 [0.05555556 0.05555556 0.05555556 0.05555556 0.05555556 0.05555556
  0.5        0.05555556 0.05555556 0.05555556]
 [0.05555556 0.05555556 0.05555556 0.05555556 0.05555556 0.05555556
  0.05555556 0.5        0.05555556 0.05555556]
 [0.05555556 0.05555556 0.05555556 0.05555556 0.05555556 0.05555556
  0.05555556 0.05555556 0.5        0.05555556]
 [0.05555556 0.05555556 0.05555556 0.05555556 0.05555556 0.05555556
  0.05555556 0.05555556 0.05555556 0.5       ]]
Actual noise 0.49
actual_noise_rate:	 0.49170616113744076
---
symmetric-0.5-train-4clients-D-shuffle
P matrix:
 [[0.5        0.05555556 0.05555556 0.05555556 0.05555556 0.05555556
  0.05555556 0.05555556 0.05555556 0.05555556]
 [0.05555556 0.5        0.05555556 0.05555556 0.05555556 0.05555556
  0.05555556 0.05555556 0.05555556 0.05555556]
 [0.05555556 0.05555556 0.5        0.05555556 0.05555556 0.05555556
  0.05555556 0.05555556 0.05555556 0.05555556]
 [0.05555556 0.05555556 0.05555556 0.5        0.05555556 0.05555556
  0.05555556 0.05555556 0.05555556 0.05555556]
 [0.05555556 0.05555556 0.05555556 0.05555556 0.5        0.05555556
  0.05555556 0.05555556 0.05555556 0.05555556]
 [0.05555556 0.05555556 0.05555556 0.05555556 0.05555556 0.5
  0.05555556 0.05555556 0.05555556 0.05555556]
 [0.05555556 0.05555556 0.05555556 0.05555556 0.05555556 0.05555556
  0.5        0.05555556 0.05555556 0.05555556]
 [0.05555556 0.05555556 0.05555556 0.05555556 0.05555556 0.05555556
  0.05555556 0.5        0.05555556 0.05555556]
 [0.05555556 0.05555556 0.05555556 0.05555556 0.05555556 0.05555556
  0.05555556 0.05555556 0.5        0.05555556]
 [0.05555556 0.05555556 0.05555556 0.05555556 0.05555556 0.05555556
  0.05555556 0.05555556 0.05555556 0.5       ]]
Actual noise 0.51
actual_noise_rate:	 0.5085013839462238
---------
---
symmetric-0.6-train-4clients-A-shuffle
P matrix:
 [[0.4        0.06666667 0.06666667 0.06666667 0.06666667 0.06666667
  0.06666667 0.06666667 0.06666667 0.06666667]
 [0.06666667 0.4        0.06666667 0.06666667 0.06666667 0.06666667
  0.06666667 0.06666667 0.06666667 0.06666667]
 [0.06666667 0.06666667 0.4        0.06666667 0.06666667 0.06666667
  0.06666667 0.06666667 0.06666667 0.06666667]
 [0.06666667 0.06666667 0.06666667 0.4        0.06666667 0.06666667
  0.06666667 0.06666667 0.06666667 0.06666667]
 [0.06666667 0.06666667 0.06666667 0.06666667 0.4        0.06666667
  0.06666667 0.06666667 0.06666667 0.06666667]
 [0.06666667 0.06666667 0.06666667 0.06666667 0.06666667 0.4
  0.06666667 0.06666667 0.06666667 0.06666667]
 [0.06666667 0.06666667 0.06666667 0.06666667 0.06666667 0.06666667
  0.4        0.06666667 0.06666667 0.06666667]
 [0.06666667 0.06666667 0.06666667 0.06666667 0.06666667 0.06666667
  0.06666667 0.4        0.06666667 0.06666667]
 [0.06666667 0.06666667 0.06666667 0.06666667 0.06666667 0.06666667
  0.06666667 0.06666667 0.4        0.06666667]
 [0.06666667 0.06666667 0.06666667 0.06666667 0.06666667 0.06666667
  0.06666667 0.06666667 0.06666667 0.4       ]]
Actual noise 0.59
actual_noise_rate:	 0.5899053627760252
---
symmetric-0.6-train-4clients-B-shuffle
P matrix:
 [[0.4        0.06666667 0.06666667 0.06666667 0.06666667 0.06666667
  0.06666667 0.06666667 0.06666667 0.06666667]
 [0.06666667 0.4        0.06666667 0.06666667 0.06666667 0.06666667
  0.06666667 0.06666667 0.06666667 0.06666667]
 [0.06666667 0.06666667 0.4        0.06666667 0.06666667 0.06666667
  0.06666667 0.06666667 0.06666667 0.06666667]
 [0.06666667 0.06666667 0.06666667 0.4        0.06666667 0.06666667
  0.06666667 0.06666667 0.06666667 0.06666667]
 [0.06666667 0.06666667 0.06666667 0.06666667 0.4        0.06666667
  0.06666667 0.06666667 0.06666667 0.06666667]
 [0.06666667 0.06666667 0.06666667 0.06666667 0.06666667 0.4
  0.06666667 0.06666667 0.06666667 0.06666667]
 [0.06666667 0.06666667 0.06666667 0.06666667 0.06666667 0.06666667
  0.4        0.06666667 0.06666667 0.06666667]
 [0.06666667 0.06666667 0.06666667 0.06666667 0.06666667 0.06666667
  0.06666667 0.4        0.06666667 0.06666667]
 [0.06666667 0.06666667 0.06666667 0.06666667 0.06666667 0.06666667
  0.06666667 0.06666667 0.4        0.06666667]
 [0.06666667 0.06666667 0.06666667 0.06666667 0.06666667 0.06666667
  0.06666667 0.06666667 0.06666667 0.4       ]]
Actual noise 0.60
actual_noise_rate:	 0.5950315457413249
---
symmetric-0.6-train-4clients-C-shuffle
P matrix:
 [[0.4        0.06666667 0.06666667 0.06666667 0.06666667 0.06666667
  0.06666667 0.06666667 0.06666667 0.06666667]
 [0.06666667 0.4        0.06666667 0.06666667 0.06666667 0.06666667
  0.06666667 0.06666667 0.06666667 0.06666667]
 [0.06666667 0.06666667 0.4        0.06666667 0.06666667 0.06666667
  0.06666667 0.06666667 0.06666667 0.06666667]
 [0.06666667 0.06666667 0.06666667 0.4        0.06666667 0.06666667
  0.06666667 0.06666667 0.06666667 0.06666667]
 [0.06666667 0.06666667 0.06666667 0.06666667 0.4        0.06666667
  0.06666667 0.06666667 0.06666667 0.06666667]
 [0.06666667 0.06666667 0.06666667 0.06666667 0.06666667 0.4
  0.06666667 0.06666667 0.06666667 0.06666667]
 [0.06666667 0.06666667 0.06666667 0.06666667 0.06666667 0.06666667
  0.4        0.06666667 0.06666667 0.06666667]
 [0.06666667 0.06666667 0.06666667 0.06666667 0.06666667 0.06666667
  0.06666667 0.4        0.06666667 0.06666667]
 [0.06666667 0.06666667 0.06666667 0.06666667 0.06666667 0.06666667
  0.06666667 0.06666667 0.4        0.06666667]
 [0.06666667 0.06666667 0.06666667 0.06666667 0.06666667 0.06666667
  0.06666667 0.06666667 0.06666667 0.4       ]]
Actual noise 0.60
actual_noise_rate:	 0.5987361769352291
---
symmetric-0.6-train-4clients-D-shuffle
P matrix:
 [[0.4        0.06666667 0.06666667 0.06666667 0.06666667 0.06666667
  0.06666667 0.06666667 0.06666667 0.06666667]
 [0.06666667 0.4        0.06666667 0.06666667 0.06666667 0.06666667
  0.06666667 0.06666667 0.06666667 0.06666667]
 [0.06666667 0.06666667 0.4        0.06666667 0.06666667 0.06666667
  0.06666667 0.06666667 0.06666667 0.06666667]
 [0.06666667 0.06666667 0.06666667 0.4        0.06666667 0.06666667
  0.06666667 0.06666667 0.06666667 0.06666667]
 [0.06666667 0.06666667 0.06666667 0.06666667 0.4        0.06666667
  0.06666667 0.06666667 0.06666667 0.06666667]
 [0.06666667 0.06666667 0.06666667 0.06666667 0.06666667 0.4
  0.06666667 0.06666667 0.06666667 0.06666667]
 [0.06666667 0.06666667 0.06666667 0.06666667 0.06666667 0.06666667
  0.4        0.06666667 0.06666667 0.06666667]
 [0.06666667 0.06666667 0.06666667 0.06666667 0.06666667 0.06666667
  0.06666667 0.4        0.06666667 0.06666667]
 [0.06666667 0.06666667 0.06666667 0.06666667 0.06666667 0.06666667
  0.06666667 0.06666667 0.4        0.06666667]
 [0.06666667 0.06666667 0.06666667 0.06666667 0.06666667 0.06666667
  0.06666667 0.06666667 0.06666667 0.4       ]]
Actual noise 0.59
actual_noise_rate:	 0.5915381573744563
---------
---
symmetric-0.8-train-4clients-A-shuffle
P matrix:
 [[0.2        0.08888889 0.08888889 0.08888889 0.08888889 0.08888889
  0.08888889 0.08888889 0.08888889 0.08888889]
 [0.08888889 0.2        0.08888889 0.08888889 0.08888889 0.08888889
  0.08888889 0.08888889 0.08888889 0.08888889]
 [0.08888889 0.08888889 0.2        0.08888889 0.08888889 0.08888889
  0.08888889 0.08888889 0.08888889 0.08888889]
 [0.08888889 0.08888889 0.08888889 0.2        0.08888889 0.08888889
  0.08888889 0.08888889 0.08888889 0.08888889]
 [0.08888889 0.08888889 0.08888889 0.08888889 0.2        0.08888889
  0.08888889 0.08888889 0.08888889 0.08888889]
 [0.08888889 0.08888889 0.08888889 0.08888889 0.08888889 0.2
  0.08888889 0.08888889 0.08888889 0.08888889]
 [0.08888889 0.08888889 0.08888889 0.08888889 0.08888889 0.08888889
  0.2        0.08888889 0.08888889 0.08888889]
 [0.08888889 0.08888889 0.08888889 0.08888889 0.08888889 0.08888889
  0.08888889 0.2        0.08888889 0.08888889]
 [0.08888889 0.08888889 0.08888889 0.08888889 0.08888889 0.08888889
  0.08888889 0.08888889 0.2        0.08888889]
 [0.08888889 0.08888889 0.08888889 0.08888889 0.08888889 0.08888889
  0.08888889 0.08888889 0.08888889 0.2       ]]
Actual noise 0.82
actual_noise_rate:	 0.8186119873817035
---
symmetric-0.8-train-4clients-B-shuffle
P matrix:
 [[0.2        0.08888889 0.08888889 0.08888889 0.08888889 0.08888889
  0.08888889 0.08888889 0.08888889 0.08888889]
 [0.08888889 0.2        0.08888889 0.08888889 0.08888889 0.08888889
  0.08888889 0.08888889 0.08888889 0.08888889]
 [0.08888889 0.08888889 0.2        0.08888889 0.08888889 0.08888889
  0.08888889 0.08888889 0.08888889 0.08888889]
 [0.08888889 0.08888889 0.08888889 0.2        0.08888889 0.08888889
  0.08888889 0.08888889 0.08888889 0.08888889]
 [0.08888889 0.08888889 0.08888889 0.08888889 0.2        0.08888889
  0.08888889 0.08888889 0.08888889 0.08888889]
 [0.08888889 0.08888889 0.08888889 0.08888889 0.08888889 0.2
  0.08888889 0.08888889 0.08888889 0.08888889]
 [0.08888889 0.08888889 0.08888889 0.08888889 0.08888889 0.08888889
  0.2        0.08888889 0.08888889 0.08888889]
 [0.08888889 0.08888889 0.08888889 0.08888889 0.08888889 0.08888889
  0.08888889 0.2        0.08888889 0.08888889]
 [0.08888889 0.08888889 0.08888889 0.08888889 0.08888889 0.08888889
  0.08888889 0.08888889 0.2        0.08888889]
 [0.08888889 0.08888889 0.08888889 0.08888889 0.08888889 0.08888889
  0.08888889 0.08888889 0.08888889 0.2       ]]
Actual noise 0.81
actual_noise_rate:	 0.8130914826498423
---
symmetric-0.8-train-4clients-C-shuffle
P matrix:
 [[0.2        0.08888889 0.08888889 0.08888889 0.08888889 0.08888889
  0.08888889 0.08888889 0.08888889 0.08888889]
 [0.08888889 0.2        0.08888889 0.08888889 0.08888889 0.08888889
  0.08888889 0.08888889 0.08888889 0.08888889]
 [0.08888889 0.08888889 0.2        0.08888889 0.08888889 0.08888889
  0.08888889 0.08888889 0.08888889 0.08888889]
 [0.08888889 0.08888889 0.08888889 0.2        0.08888889 0.08888889
  0.08888889 0.08888889 0.08888889 0.08888889]
 [0.08888889 0.08888889 0.08888889 0.08888889 0.2        0.08888889
  0.08888889 0.08888889 0.08888889 0.08888889]
 [0.08888889 0.08888889 0.08888889 0.08888889 0.08888889 0.2
  0.08888889 0.08888889 0.08888889 0.08888889]
 [0.08888889 0.08888889 0.08888889 0.08888889 0.08888889 0.08888889
  0.2        0.08888889 0.08888889 0.08888889]
 [0.08888889 0.08888889 0.08888889 0.08888889 0.08888889 0.08888889
  0.08888889 0.2        0.08888889 0.08888889]
 [0.08888889 0.08888889 0.08888889 0.08888889 0.08888889 0.08888889
  0.08888889 0.08888889 0.2        0.08888889]
 [0.08888889 0.08888889 0.08888889 0.08888889 0.08888889 0.08888889
  0.08888889 0.08888889 0.08888889 0.2       ]]
Actual noise 0.82
actual_noise_rate:	 0.8187203791469194
---
symmetric-0.8-train-4clients-D-shuffle
P matrix:
 [[0.2        0.08888889 0.08888889 0.08888889 0.08888889 0.08888889
  0.08888889 0.08888889 0.08888889 0.08888889]
 [0.08888889 0.2        0.08888889 0.08888889 0.08888889 0.08888889
  0.08888889 0.08888889 0.08888889 0.08888889]
 [0.08888889 0.08888889 0.2        0.08888889 0.08888889 0.08888889
  0.08888889 0.08888889 0.08888889 0.08888889]
 [0.08888889 0.08888889 0.08888889 0.2        0.08888889 0.08888889
  0.08888889 0.08888889 0.08888889 0.08888889]
 [0.08888889 0.08888889 0.08888889 0.08888889 0.2        0.08888889
  0.08888889 0.08888889 0.08888889 0.08888889]
 [0.08888889 0.08888889 0.08888889 0.08888889 0.08888889 0.2
  0.08888889 0.08888889 0.08888889 0.08888889]
 [0.08888889 0.08888889 0.08888889 0.08888889 0.08888889 0.08888889
  0.2        0.08888889 0.08888889 0.08888889]
 [0.08888889 0.08888889 0.08888889 0.08888889 0.08888889 0.08888889
  0.08888889 0.2        0.08888889 0.08888889]
 [0.08888889 0.08888889 0.08888889 0.08888889 0.08888889 0.08888889
  0.08888889 0.08888889 0.2        0.08888889]
 [0.08888889 0.08888889 0.08888889 0.08888889 0.08888889 0.08888889
  0.08888889 0.08888889 0.08888889 0.2       ]]
Actual noise 0.78
actual_noise_rate:	 0.7841043890865955
---------------
---------
---
pairflip-0.1-train-4clients-A-shuffle
P matrix:
 [[0.9 0.1 0.  0.  0.  0.  0.  0.  0.  0. ]
 [0.  0.9 0.1 0.  0.  0.  0.  0.  0.  0. ]
 [0.  0.  0.9 0.1 0.  0.  0.  0.  0.  0. ]
 [0.  0.  0.  0.9 0.1 0.  0.  0.  0.  0. ]
 [0.  0.  0.  0.  0.9 0.1 0.  0.  0.  0. ]
 [0.  0.  0.  0.  0.  0.9 0.1 0.  0.  0. ]
 [0.  0.  0.  0.  0.  0.  0.9 0.1 0.  0. ]
 [0.  0.  0.  0.  0.  0.  0.  0.9 0.1 0. ]
 [0.  0.  0.  0.  0.  0.  0.  0.  0.9 0.1]
 [0.1 0.  0.  0.  0.  0.  0.  0.  0.  0.9]]
Actual noise 0.10
actual_noise_rate:	 0.09858044164037855
---
pairflip-0.1-train-4clients-B-shuffle
P matrix:
 [[0.9 0.1 0.  0.  0.  0.  0.  0.  0.  0. ]
 [0.  0.9 0.1 0.  0.  0.  0.  0.  0.  0. ]
 [0.  0.  0.9 0.1 0.  0.  0.  0.  0.  0. ]
 [0.  0.  0.  0.9 0.1 0.  0.  0.  0.  0. ]
 [0.  0.  0.  0.  0.9 0.1 0.  0.  0.  0. ]
 [0.  0.  0.  0.  0.  0.9 0.1 0.  0.  0. ]
 [0.  0.  0.  0.  0.  0.  0.9 0.1 0.  0. ]
 [0.  0.  0.  0.  0.  0.  0.  0.9 0.1 0. ]
 [0.  0.  0.  0.  0.  0.  0.  0.  0.9 0.1]
 [0.1 0.  0.  0.  0.  0.  0.  0.  0.  0.9]]
Actual noise 0.10
actual_noise_rate:	 0.09818611987381703
---
pairflip-0.1-train-4clients-C-shuffle
P matrix:
 [[0.9 0.1 0.  0.  0.  0.  0.  0.  0.  0. ]
 [0.  0.9 0.1 0.  0.  0.  0.  0.  0.  0. ]
 [0.  0.  0.9 0.1 0.  0.  0.  0.  0.  0. ]
 [0.  0.  0.  0.9 0.1 0.  0.  0.  0.  0. ]
 [0.  0.  0.  0.  0.9 0.1 0.  0.  0.  0. ]
 [0.  0.  0.  0.  0.  0.9 0.1 0.  0.  0. ]
 [0.  0.  0.  0.  0.  0.  0.9 0.1 0.  0. ]
 [0.  0.  0.  0.  0.  0.  0.  0.9 0.1 0. ]
 [0.  0.  0.  0.  0.  0.  0.  0.  0.9 0.1]
 [0.1 0.  0.  0.  0.  0.  0.  0.  0.  0.9]]
Actual noise 0.10
actual_noise_rate:	 0.09873617693522907
---
pairflip-0.1-train-4clients-D-shuffle
P matrix:
 [[0.9 0.1 0.  0.  0.  0.  0.  0.  0.  0. ]
 [0.  0.9 0.1 0.  0.  0.  0.  0.  0.  0. ]
 [0.  0.  0.9 0.1 0.  0.  0.  0.  0.  0. ]
 [0.  0.  0.  0.9 0.1 0.  0.  0.  0.  0. ]
 [0.  0.  0.  0.  0.9 0.1 0.  0.  0.  0. ]
 [0.  0.  0.  0.  0.  0.9 0.1 0.  0.  0. ]
 [0.  0.  0.  0.  0.  0.  0.9 0.1 0.  0. ]
 [0.  0.  0.  0.  0.  0.  0.  0.9 0.1 0. ]
 [0.  0.  0.  0.  0.  0.  0.  0.  0.9 0.1]
 [0.1 0.  0.  0.  0.  0.  0.  0.  0.  0.9]]
Actual noise 0.10
actual_noise_rate:	 0.09845788849347568
---------
---
pairflip-0.2-train-4clients-A-shuffle
P matrix:
 [[0.8 0.2 0.  0.  0.  0.  0.  0.  0.  0. ]
 [0.  0.8 0.2 0.  0.  0.  0.  0.  0.  0. ]
 [0.  0.  0.8 0.2 0.  0.  0.  0.  0.  0. ]
 [0.  0.  0.  0.8 0.2 0.  0.  0.  0.  0. ]
 [0.  0.  0.  0.  0.8 0.2 0.  0.  0.  0. ]
 [0.  0.  0.  0.  0.  0.8 0.2 0.  0.  0. ]
 [0.  0.  0.  0.  0.  0.  0.8 0.2 0.  0. ]
 [0.  0.  0.  0.  0.  0.  0.  0.8 0.2 0. ]
 [0.  0.  0.  0.  0.  0.  0.  0.  0.8 0.2]
 [0.2 0.  0.  0.  0.  0.  0.  0.  0.  0.8]]
Actual noise 0.21
actual_noise_rate:	 0.20701892744479494
---
pairflip-0.2-train-4clients-B-shuffle
P matrix:
 [[0.8 0.2 0.  0.  0.  0.  0.  0.  0.  0. ]
 [0.  0.8 0.2 0.  0.  0.  0.  0.  0.  0. ]
 [0.  0.  0.8 0.2 0.  0.  0.  0.  0.  0. ]
 [0.  0.  0.  0.8 0.2 0.  0.  0.  0.  0. ]
 [0.  0.  0.  0.  0.8 0.2 0.  0.  0.  0. ]
 [0.  0.  0.  0.  0.  0.8 0.2 0.  0.  0. ]
 [0.  0.  0.  0.  0.  0.  0.8 0.2 0.  0. ]
 [0.  0.  0.  0.  0.  0.  0.  0.8 0.2 0. ]
 [0.  0.  0.  0.  0.  0.  0.  0.  0.8 0.2]
 [0.2 0.  0.  0.  0.  0.  0.  0.  0.  0.8]]
Actual noise 0.20
actual_noise_rate:	 0.20386435331230285
---
pairflip-0.2-train-4clients-C-shuffle
P matrix:
 [[0.8 0.2 0.  0.  0.  0.  0.  0.  0.  0. ]
 [0.  0.8 0.2 0.  0.  0.  0.  0.  0.  0. ]
 [0.  0.  0.8 0.2 0.  0.  0.  0.  0.  0. ]
 [0.  0.  0.  0.8 0.2 0.  0.  0.  0.  0. ]
 [0.  0.  0.  0.  0.8 0.2 0.  0.  0.  0. ]
 [0.  0.  0.  0.  0.  0.8 0.2 0.  0.  0. ]
 [0.  0.  0.  0.  0.  0.  0.8 0.2 0.  0. ]
 [0.  0.  0.  0.  0.  0.  0.  0.8 0.2 0. ]
 [0.  0.  0.  0.  0.  0.  0.  0.  0.8 0.2]
 [0.2 0.  0.  0.  0.  0.  0.  0.  0.  0.8]]
Actual noise 0.20
actual_noise_rate:	 0.20458135860979462
---
pairflip-0.2-train-4clients-D-shuffle
P matrix:
 [[0.8 0.2 0.  0.  0.  0.  0.  0.  0.  0. ]
 [0.  0.8 0.2 0.  0.  0.  0.  0.  0.  0. ]
 [0.  0.  0.8 0.2 0.  0.  0.  0.  0.  0. ]
 [0.  0.  0.  0.8 0.2 0.  0.  0.  0.  0. ]
 [0.  0.  0.  0.  0.8 0.2 0.  0.  0.  0. ]
 [0.  0.  0.  0.  0.  0.8 0.2 0.  0.  0. ]
 [0.  0.  0.  0.  0.  0.  0.8 0.2 0.  0. ]
 [0.  0.  0.  0.  0.  0.  0.  0.8 0.2 0. ]
 [0.  0.  0.  0.  0.  0.  0.  0.  0.8 0.2]
 [0.2 0.  0.  0.  0.  0.  0.  0.  0.  0.8]]
Actual noise 0.20
actual_noise_rate:	 0.20324238829576907
---------
---
pairflip-0.3-train-4clients-A-shuffle
P matrix:
 [[0.7 0.3 0.  0.  0.  0.  0.  0.  0.  0. ]
 [0.  0.7 0.3 0.  0.  0.  0.  0.  0.  0. ]
 [0.  0.  0.7 0.3 0.  0.  0.  0.  0.  0. ]
 [0.  0.  0.  0.7 0.3 0.  0.  0.  0.  0. ]
 [0.  0.  0.  0.  0.7 0.3 0.  0.  0.  0. ]
 [0.  0.  0.  0.  0.  0.7 0.3 0.  0.  0. ]
 [0.  0.  0.  0.  0.  0.  0.7 0.3 0.  0. ]
 [0.  0.  0.  0.  0.  0.  0.  0.7 0.3 0. ]
 [0.  0.  0.  0.  0.  0.  0.  0.  0.7 0.3]
 [0.3 0.  0.  0.  0.  0.  0.  0.  0.  0.7]]
Actual noise 0.31
actual_noise_rate:	 0.305205047318612
---
pairflip-0.3-train-4clients-B-shuffle
P matrix:
 [[0.7 0.3 0.  0.  0.  0.  0.  0.  0.  0. ]
 [0.  0.7 0.3 0.  0.  0.  0.  0.  0.  0. ]
 [0.  0.  0.7 0.3 0.  0.  0.  0.  0.  0. ]
 [0.  0.  0.  0.7 0.3 0.  0.  0.  0.  0. ]
 [0.  0.  0.  0.  0.7 0.3 0.  0.  0.  0. ]
 [0.  0.  0.  0.  0.  0.7 0.3 0.  0.  0. ]
 [0.  0.  0.  0.  0.  0.  0.7 0.3 0.  0. ]
 [0.  0.  0.  0.  0.  0.  0.  0.7 0.3 0. ]
 [0.  0.  0.  0.  0.  0.  0.  0.  0.7 0.3]
 [0.3 0.  0.  0.  0.  0.  0.  0.  0.  0.7]]
Actual noise 0.31
actual_noise_rate:	 0.3055993690851735
---
pairflip-0.3-train-4clients-C-shuffle
P matrix:
 [[0.7 0.3 0.  0.  0.  0.  0.  0.  0.  0. ]
 [0.  0.7 0.3 0.  0.  0.  0.  0.  0.  0. ]
 [0.  0.  0.7 0.3 0.  0.  0.  0.  0.  0. ]
 [0.  0.  0.  0.7 0.3 0.  0.  0.  0.  0. ]
 [0.  0.  0.  0.  0.7 0.3 0.  0.  0.  0. ]
 [0.  0.  0.  0.  0.  0.7 0.3 0.  0.  0. ]
 [0.  0.  0.  0.  0.  0.  0.7 0.3 0.  0. ]
 [0.  0.  0.  0.  0.  0.  0.  0.7 0.3 0. ]
 [0.  0.  0.  0.  0.  0.  0.  0.  0.7 0.3]
 [0.3 0.  0.  0.  0.  0.  0.  0.  0.  0.7]]
Actual noise 0.31
actual_noise_rate:	 0.30529225908372826
---
pairflip-0.3-train-4clients-D-shuffle
P matrix:
 [[0.7 0.3 0.  0.  0.  0.  0.  0.  0.  0. ]
 [0.  0.7 0.3 0.  0.  0.  0.  0.  0.  0. ]
 [0.  0.  0.7 0.3 0.  0.  0.  0.  0.  0. ]
 [0.  0.  0.  0.7 0.3 0.  0.  0.  0.  0. ]
 [0.  0.  0.  0.  0.7 0.3 0.  0.  0.  0. ]
 [0.  0.  0.  0.  0.  0.7 0.3 0.  0.  0. ]
 [0.  0.  0.  0.  0.  0.  0.7 0.3 0.  0. ]
 [0.  0.  0.  0.  0.  0.  0.  0.7 0.3 0. ]
 [0.  0.  0.  0.  0.  0.  0.  0.  0.7 0.3]
 [0.3 0.  0.  0.  0.  0.  0.  0.  0.  0.7]]
Actual noise 0.30
actual_noise_rate:	 0.302491103202847
---------
---
pairflip-0.4-train-4clients-A-shuffle
P matrix:
 [[0.6 0.4 0.  0.  0.  0.  0.  0.  0.  0. ]
 [0.  0.6 0.4 0.  0.  0.  0.  0.  0.  0. ]
 [0.  0.  0.6 0.4 0.  0.  0.  0.  0.  0. ]
 [0.  0.  0.  0.6 0.4 0.  0.  0.  0.  0. ]
 [0.  0.  0.  0.  0.6 0.4 0.  0.  0.  0. ]
 [0.  0.  0.  0.  0.  0.6 0.4 0.  0.  0. ]
 [0.  0.  0.  0.  0.  0.  0.6 0.4 0.  0. ]
 [0.  0.  0.  0.  0.  0.  0.  0.6 0.4 0. ]
 [0.  0.  0.  0.  0.  0.  0.  0.  0.6 0.4]
 [0.4 0.  0.  0.  0.  0.  0.  0.  0.  0.6]]
Actual noise 0.41
actual_noise_rate:	 0.4073343848580442
---
pairflip-0.4-train-4clients-B-shuffle
P matrix:
 [[0.6 0.4 0.  0.  0.  0.  0.  0.  0.  0. ]
 [0.  0.6 0.4 0.  0.  0.  0.  0.  0.  0. ]
 [0.  0.  0.6 0.4 0.  0.  0.  0.  0.  0. ]
 [0.  0.  0.  0.6 0.4 0.  0.  0.  0.  0. ]
 [0.  0.  0.  0.  0.6 0.4 0.  0.  0.  0. ]
 [0.  0.  0.  0.  0.  0.6 0.4 0.  0.  0. ]
 [0.  0.  0.  0.  0.  0.  0.6 0.4 0.  0. ]
 [0.  0.  0.  0.  0.  0.  0.  0.6 0.4 0. ]
 [0.  0.  0.  0.  0.  0.  0.  0.  0.6 0.4]
 [0.4 0.  0.  0.  0.  0.  0.  0.  0.  0.6]]
Actual noise 0.41
actual_noise_rate:	 0.4073343848580442
---
pairflip-0.4-train-4clients-C-shuffle
P matrix:
 [[0.6 0.4 0.  0.  0.  0.  0.  0.  0.  0. ]
 [0.  0.6 0.4 0.  0.  0.  0.  0.  0.  0. ]
 [0.  0.  0.6 0.4 0.  0.  0.  0.  0.  0. ]
 [0.  0.  0.  0.6 0.4 0.  0.  0.  0.  0. ]
 [0.  0.  0.  0.  0.6 0.4 0.  0.  0.  0. ]
 [0.  0.  0.  0.  0.  0.6 0.4 0.  0.  0. ]
 [0.  0.  0.  0.  0.  0.  0.6 0.4 0.  0. ]
 [0.  0.  0.  0.  0.  0.  0.  0.6 0.4 0. ]
 [0.  0.  0.  0.  0.  0.  0.  0.  0.6 0.4]
 [0.4 0.  0.  0.  0.  0.  0.  0.  0.  0.6]]
Actual noise 0.41
actual_noise_rate:	 0.4099526066350711
---
pairflip-0.4-train-4clients-D-shuffle
P matrix:
 [[0.6 0.4 0.  0.  0.  0.  0.  0.  0.  0. ]
 [0.  0.6 0.4 0.  0.  0.  0.  0.  0.  0. ]
 [0.  0.  0.6 0.4 0.  0.  0.  0.  0.  0. ]
 [0.  0.  0.  0.6 0.4 0.  0.  0.  0.  0. ]
 [0.  0.  0.  0.  0.6 0.4 0.  0.  0.  0. ]
 [0.  0.  0.  0.  0.  0.6 0.4 0.  0.  0. ]
 [0.  0.  0.  0.  0.  0.  0.6 0.4 0.  0. ]
 [0.  0.  0.  0.  0.  0.  0.  0.6 0.4 0. ]
 [0.  0.  0.  0.  0.  0.  0.  0.  0.6 0.4]
 [0.4 0.  0.  0.  0.  0.  0.  0.  0.  0.6]]
Actual noise 0.41
actual_noise_rate:	 0.4088572558323448
---------
---
pairflip-0.5-train-4clients-A-shuffle
P matrix:
 [[0.5 0.5 0.  0.  0.  0.  0.  0.  0.  0. ]
 [0.  0.5 0.5 0.  0.  0.  0.  0.  0.  0. ]
 [0.  0.  0.5 0.5 0.  0.  0.  0.  0.  0. ]
 [0.  0.  0.  0.5 0.5 0.  0.  0.  0.  0. ]
 [0.  0.  0.  0.  0.5 0.5 0.  0.  0.  0. ]
 [0.  0.  0.  0.  0.  0.5 0.5 0.  0.  0. ]
 [0.  0.  0.  0.  0.  0.  0.5 0.5 0.  0. ]
 [0.  0.  0.  0.  0.  0.  0.  0.5 0.5 0. ]
 [0.  0.  0.  0.  0.  0.  0.  0.  0.5 0.5]
 [0.5 0.  0.  0.  0.  0.  0.  0.  0.  0.5]]
Actual noise 0.51
actual_noise_rate:	 0.5059148264984227
---
pairflip-0.5-train-4clients-B-shuffle
P matrix:
 [[0.5 0.5 0.  0.  0.  0.  0.  0.  0.  0. ]
 [0.  0.5 0.5 0.  0.  0.  0.  0.  0.  0. ]
 [0.  0.  0.5 0.5 0.  0.  0.  0.  0.  0. ]
 [0.  0.  0.  0.5 0.5 0.  0.  0.  0.  0. ]
 [0.  0.  0.  0.  0.5 0.5 0.  0.  0.  0. ]
 [0.  0.  0.  0.  0.  0.5 0.5 0.  0.  0. ]
 [0.  0.  0.  0.  0.  0.  0.5 0.5 0.  0. ]
 [0.  0.  0.  0.  0.  0.  0.  0.5 0.5 0. ]
 [0.  0.  0.  0.  0.  0.  0.  0.  0.5 0.5]
 [0.5 0.  0.  0.  0.  0.  0.  0.  0.  0.5]]
Actual noise 0.51
actual_noise_rate:	 0.5070977917981072
---
pairflip-0.5-train-4clients-C-shuffle
P matrix:
 [[0.5 0.5 0.  0.  0.  0.  0.  0.  0.  0. ]
 [0.  0.5 0.5 0.  0.  0.  0.  0.  0.  0. ]
 [0.  0.  0.5 0.5 0.  0.  0.  0.  0.  0. ]
 [0.  0.  0.  0.5 0.5 0.  0.  0.  0.  0. ]
 [0.  0.  0.  0.  0.5 0.5 0.  0.  0.  0. ]
 [0.  0.  0.  0.  0.  0.5 0.5 0.  0.  0. ]
 [0.  0.  0.  0.  0.  0.  0.5 0.5 0.  0. ]
 [0.  0.  0.  0.  0.  0.  0.  0.5 0.5 0. ]
 [0.  0.  0.  0.  0.  0.  0.  0.  0.5 0.5]
 [0.5 0.  0.  0.  0.  0.  0.  0.  0.  0.5]]
Actual noise 0.51
actual_noise_rate:	 0.5126382306477093
---
pairflip-0.5-train-4clients-D-shuffle
P matrix:
 [[0.5 0.5 0.  0.  0.  0.  0.  0.  0.  0. ]
 [0.  0.5 0.5 0.  0.  0.  0.  0.  0.  0. ]
 [0.  0.  0.5 0.5 0.  0.  0.  0.  0.  0. ]
 [0.  0.  0.  0.5 0.5 0.  0.  0.  0.  0. ]
 [0.  0.  0.  0.  0.5 0.5 0.  0.  0.  0. ]
 [0.  0.  0.  0.  0.  0.5 0.5 0.  0.  0. ]
 [0.  0.  0.  0.  0.  0.  0.5 0.5 0.  0. ]
 [0.  0.  0.  0.  0.  0.  0.  0.5 0.5 0. ]
 [0.  0.  0.  0.  0.  0.  0.  0.  0.5 0.5]
 [0.5 0.  0.  0.  0.  0.  0.  0.  0.  0.5]]
Actual noise 0.51
actual_noise_rate:	 0.5136417556346382
---------
---
pairflip-0.6-train-4clients-A-shuffle
P matrix:
 [[0.4 0.6 0.  0.  0.  0.  0.  0.  0.  0. ]
 [0.  0.4 0.6 0.  0.  0.  0.  0.  0.  0. ]
 [0.  0.  0.4 0.6 0.  0.  0.  0.  0.  0. ]
 [0.  0.  0.  0.4 0.6 0.  0.  0.  0.  0. ]
 [0.  0.  0.  0.  0.4 0.6 0.  0.  0.  0. ]
 [0.  0.  0.  0.  0.  0.4 0.6 0.  0.  0. ]
 [0.  0.  0.  0.  0.  0.  0.4 0.6 0.  0. ]
 [0.  0.  0.  0.  0.  0.  0.  0.4 0.6 0. ]
 [0.  0.  0.  0.  0.  0.  0.  0.  0.4 0.6]
 [0.6 0.  0.  0.  0.  0.  0.  0.  0.  0.4]]
Actual noise 0.61
actual_noise_rate:	 0.6052839116719243
---
pairflip-0.6-train-4clients-B-shuffle
P matrix:
 [[0.4 0.6 0.  0.  0.  0.  0.  0.  0.  0. ]
 [0.  0.4 0.6 0.  0.  0.  0.  0.  0.  0. ]
 [0.  0.  0.4 0.6 0.  0.  0.  0.  0.  0. ]
 [0.  0.  0.  0.4 0.6 0.  0.  0.  0.  0. ]
 [0.  0.  0.  0.  0.4 0.6 0.  0.  0.  0. ]
 [0.  0.  0.  0.  0.  0.4 0.6 0.  0.  0. ]
 [0.  0.  0.  0.  0.  0.  0.4 0.6 0.  0. ]
 [0.  0.  0.  0.  0.  0.  0.  0.4 0.6 0. ]
 [0.  0.  0.  0.  0.  0.  0.  0.  0.4 0.6]
 [0.6 0.  0.  0.  0.  0.  0.  0.  0.  0.4]]
Actual noise 0.61
actual_noise_rate:	 0.6052839116719243
---
pairflip-0.6-train-4clients-C-shuffle
P matrix:
 [[0.4 0.6 0.  0.  0.  0.  0.  0.  0.  0. ]
 [0.  0.4 0.6 0.  0.  0.  0.  0.  0.  0. ]
 [0.  0.  0.4 0.6 0.  0.  0.  0.  0.  0. ]
 [0.  0.  0.  0.4 0.6 0.  0.  0.  0.  0. ]
 [0.  0.  0.  0.  0.4 0.6 0.  0.  0.  0. ]
 [0.  0.  0.  0.  0.  0.4 0.6 0.  0.  0. ]
 [0.  0.  0.  0.  0.  0.  0.4 0.6 0.  0. ]
 [0.  0.  0.  0.  0.  0.  0.  0.4 0.6 0. ]
 [0.  0.  0.  0.  0.  0.  0.  0.  0.4 0.6]
 [0.6 0.  0.  0.  0.  0.  0.  0.  0.  0.4]]
Actual noise 0.60
actual_noise_rate:	 0.5971563981042654
---
pairflip-0.6-train-4clients-D-shuffle
P matrix:
 [[0.4 0.6 0.  0.  0.  0.  0.  0.  0.  0. ]
 [0.  0.4 0.6 0.  0.  0.  0.  0.  0.  0. ]
 [0.  0.  0.4 0.6 0.  0.  0.  0.  0.  0. ]
 [0.  0.  0.  0.4 0.6 0.  0.  0.  0.  0. ]
 [0.  0.  0.  0.  0.4 0.6 0.  0.  0.  0. ]
 [0.  0.  0.  0.  0.  0.4 0.6 0.  0.  0. ]
 [0.  0.  0.  0.  0.  0.  0.4 0.6 0.  0. ]
 [0.  0.  0.  0.  0.  0.  0.  0.4 0.6 0. ]
 [0.  0.  0.  0.  0.  0.  0.  0.  0.4 0.6]
 [0.6 0.  0.  0.  0.  0.  0.  0.  0.  0.4]]
Actual noise 0.60
actual_noise_rate:	 0.5998418347172796
---------
---
pairflip-0.8-train-4clients-A-shuffle
P matrix:
 [[0.2 0.8 0.  0.  0.  0.  0.  0.  0.  0. ]
 [0.  0.2 0.8 0.  0.  0.  0.  0.  0.  0. ]
 [0.  0.  0.2 0.8 0.  0.  0.  0.  0.  0. ]
 [0.  0.  0.  0.2 0.8 0.  0.  0.  0.  0. ]
 [0.  0.  0.  0.  0.2 0.8 0.  0.  0.  0. ]
 [0.  0.  0.  0.  0.  0.2 0.8 0.  0.  0. ]
 [0.  0.  0.  0.  0.  0.  0.2 0.8 0.  0. ]
 [0.  0.  0.  0.  0.  0.  0.  0.2 0.8 0. ]
 [0.  0.  0.  0.  0.  0.  0.  0.  0.2 0.8]
 [0.8 0.  0.  0.  0.  0.  0.  0.  0.  0.2]]
Actual noise 0.81
actual_noise_rate:	 0.8071766561514195
---
pairflip-0.8-train-4clients-B-shuffle
P matrix:
 [[0.2 0.8 0.  0.  0.  0.  0.  0.  0.  0. ]
 [0.  0.2 0.8 0.  0.  0.  0.  0.  0.  0. ]
 [0.  0.  0.2 0.8 0.  0.  0.  0.  0.  0. ]
 [0.  0.  0.  0.2 0.8 0.  0.  0.  0.  0. ]
 [0.  0.  0.  0.  0.2 0.8 0.  0.  0.  0. ]
 [0.  0.  0.  0.  0.  0.2 0.8 0.  0.  0. ]
 [0.  0.  0.  0.  0.  0.  0.2 0.8 0.  0. ]
 [0.  0.  0.  0.  0.  0.  0.  0.2 0.8 0. ]
 [0.  0.  0.  0.  0.  0.  0.  0.  0.2 0.8]
 [0.8 0.  0.  0.  0.  0.  0.  0.  0.  0.2]]
Actual noise 0.81
actual_noise_rate:	 0.8063880126182965
---
pairflip-0.8-train-4clients-C-shuffle
P matrix:
 [[0.2 0.8 0.  0.  0.  0.  0.  0.  0.  0. ]
 [0.  0.2 0.8 0.  0.  0.  0.  0.  0.  0. ]
 [0.  0.  0.2 0.8 0.  0.  0.  0.  0.  0. ]
 [0.  0.  0.  0.2 0.8 0.  0.  0.  0.  0. ]
 [0.  0.  0.  0.  0.2 0.8 0.  0.  0.  0. ]
 [0.  0.  0.  0.  0.  0.2 0.8 0.  0.  0. ]
 [0.  0.  0.  0.  0.  0.  0.2 0.8 0.  0. ]
 [0.  0.  0.  0.  0.  0.  0.  0.2 0.8 0. ]
 [0.  0.  0.  0.  0.  0.  0.  0.  0.2 0.8]
 [0.8 0.  0.  0.  0.  0.  0.  0.  0.  0.2]]
Actual noise 0.81
actual_noise_rate:	 0.806872037914692
---
pairflip-0.8-train-4clients-D-shuffle
P matrix:
 [[0.2 0.8 0.  0.  0.  0.  0.  0.  0.  0. ]
 [0.  0.2 0.8 0.  0.  0.  0.  0.  0.  0. ]
 [0.  0.  0.2 0.8 0.  0.  0.  0.  0.  0. ]
 [0.  0.  0.  0.2 0.8 0.  0.  0.  0.  0. ]
 [0.  0.  0.  0.  0.2 0.8 0.  0.  0.  0. ]
 [0.  0.  0.  0.  0.  0.2 0.8 0.  0.  0. ]
 [0.  0.  0.  0.  0.  0.  0.2 0.8 0.  0. ]
 [0.  0.  0.  0.  0.  0.  0.  0.2 0.8 0. ]
 [0.  0.  0.  0.  0.  0.  0.  0.  0.2 0.8]
 [0.8 0.  0.  0.  0.  0.  0.  0.  0.  0.2]]
Actual noise 0.81
actual_noise_rate:	 0.8050612890470542
(envs_node31) [zchen72@node31 noiseFL]$ 

